----//trivial sat input (first row: n1 n2 m1 m2 k)
1 1 0 0 0
----//trivial unsat input
1 1 0 0 1
----//simple sat case
2 2 1 1 1
0 1
0 1
----//more
2 2 1 1 1
0 1
1 0
----
2 3 1 1 1
0 1
0 2
----
2 3 1 2 1
0 1
0 2
1 2
----//case: one edge
10 15 1 3 1
6 8
2 9
8 7
12 14
----//case: must map all edges
5 10 8 15 8
0 1
0 2
0 3
1 2
1 3
2 3
2 4
3 4
9 8
9 7
9 6
8 7
8 6
7 6
7 5
6 5
1 3
2 7
3 4
1 7
0 1
0 2
0 3
----//
5 10 8 14 8
0 1
0 2
0 3
1 2
1 3
2 3
2 4
3 4
9 8
9 7
9 6
8 6
7 6
7 5
6 5
1 3
2 7
3 4
1 7
0 1
0 2
0 3
----//unsat case
5 5 3 3 3
1 2
2 3
3 4
0 1
1 2
3 4
----//sat: triangle
3 3 3 3 3
0 1
1 2
2 0
1 2
1 0
0 2
----
