----//trivial sat input (first row: n1 n2 m1 m2 k)
1 1 0 0 0
----//trivial sat input
1 1 0 0 1
----//other sat
2 2 0 0 1
----//sat
1 2 0 1 0
0 1
----//sat
2 2 0 1 0
0 1
----//unsat
2 2 0 1 0
0 1
----//case: one edge
10 10 3 1 0
6 8
2 9
8 7
3 5
----//tight sat
6 8 5 19 2
1 2
2 3
3 4
4 5
5 1
0 1
0 2
0 3
0 4
0 5
1 2
1 3
1 4
1 7
2 3
2 4
3 4
3 5
3 6
3 7
4 7
4 5
5 6
6 7
----//tight unsat
6 8 5 20 2
1 2
2 3
3 4
4 5
5 1
0 1
0 2
0 3
0 4
0 5
1 5
1 2
1 3
1 4
1 7
2 3
2 4
3 4
3 5
3 6
3 7
4 7
4 5
5 6
6 7
----