----//trivial sat input;n,s.i,s.j,cost/grid
2 0 0 30
0 0
0 0
----//sat
2 0 0 15
0 0
0 0
----//unsat
2 0 0 14
0 0
0 0
----//sat
2 0 0 10
0 1
0 0
----//unsat
2 0 0 9
0 1
0 0
----//sat
2 0 0 12
0 0
0 1
----//unsat
2 0 0 11
0 0
0 1
----//sat -- not symmetric
4 0 3 41
0 0 0 0
1 1 1 0
1 1 1 0
1 1 0 0
----//unsat
4 0 3 40
0 0 0 0
1 1 1 0
1 1 1 0
1 1 0 0
----//sat -- example
5 4 4 88
0 1 0 1 1
0 0 0 0 0
0 1 0 1 0
0 0 0 0 0
1 1 0 1 0
----//unsat -- example
5 4 4 87
0 1 0 1 1
0 0 0 0 0
0 1 0 1 0
0 0 0 0 0
1 1 0 1 0
----//sat
7 5 6 183
0 0 0 0 0 0 0
1 0 1 1 0 1 1
0 0 0 0 0 0 0
1 0 1 1 0 1 0
0 0 0 0 0 0 0
1 0 1 1 0 1 0
0 0 0 0 0 1 1
----//unsat-censored:7 5 6 182/0 0 0 0 0 0 0/1 0 1 1 0 1 1/0 0 0 0 0 0 0/1 0 1 1 0 1 0/0 0 0 0 0 0 0/1 0 1 1 0 1 0/0 0 0 0 0 1 1
