----//trivial sat input;n,s.i,s.j,k/ntels/tel1/tel2/.../grid
2 0 0 3
0
0 0
0 0
----//sat
2 0 0 1
0
0 0
0 0
----//unsat
3 0 0 2
0
0 0 0
0 0 0
0 0 0
----//sat
3 0 0 3
0
0 0 0
0 0 0
0 0 0
----//unsat
3 0 0 5
0
0 0 0
0 1 0
0 0 0
----//sat
3 0 0 6
0
0 0 0
0 1 0
0 0 0
----//unsat asymetric
3 1 2 4
0
0 0 0
0 1 0
0 1 0
----//sat --- teleports ---
3 0 0 2
1
0 0 2 2
0 0 1
0 0 0
1 0 0
----//unsat - unidirectional
3 0 0 2
1
2 2 0 0
0 0 1
0 0 0
1 0 0
----//sat -- two teleports
4 0 0 3
2
0 0 3 0
3 0 3 3
0 0 1 1
0 0 1 1
0 0 0 0
0 0 0 0
----//unsat -- cant use tp twice
5 1 0 5
4
1 0 4 4
4 4 1 4
1 4 1 0
4 4 4 2
0 1 1 1 0
0 1 1 1 0
0 1 1 1 0
0 1 1 1 0
0 0 0 0 0
----//sat -- many tps
5 1 0 5
5
1 0 4 4
4 4 1 4
1 4 1 0
1 0 3 4
3 4 4 1
0 1 1 1 1
0 1 1 1 0
0 1 1 1 0
0 1 1 1 0
0 0 0 0 0
----//sat -- using the same tp "twice" but its adjacent
6 0 1 6
4
0 1 0 0
0 0 0 4
0 4 0 1
0 0 3 0
0 0 0 0 0 0
0 1 1 1 1 1
0 1 1 1 1 1
0 1 1 1 1 1
0 1 1 1 1 1
1 1 1 1 1 1
----//sat -- going back home 
4 0 0 6
0
0 0 0 0
0 1 1 1
0 1 1 1
0 1 1 1
----//sat -- going back home twice
5 2 2 12
0
1 1 0 0 0
1 1 0 1 1
0 0 0 0 0
0 1 1 1 0
0 1 1 1 0
----//sat
5 4 4 11
1
4 2 0 2
0 1 0 1 1
0 0 0 0 0
0 1 0 1 0
0 0 0 0 0
1 1 0 1 0
----//unsat -- example
5 4 4 10
1
4 2 0 2
0 1 0 1 1
0 0 0 0 0
0 1 0 1 0
0 0 0 0 0
1 1 0 1 0
----//
