----//completely empty
0 0 0 0 0 0 0 0 0
0 0 0 0 0 0 0 0 0
0 0 0 0 0 0 0 0 0
0 0 0 0 0 0 0 0 0
0 0 0 0 0 0 0 0 0
0 0 0 0 0 0 0 0 0
0 0 0 0 0 0 0 0 0
0 0 0 0 0 0 0 0 0
0 0 0 0 0 0 0 0 0
----//has solution when not avoiding repetitions inside the 3x3 submatrices
0 2 3 4 5 6 7 8 9
9 0 7 8 2 3 4 5 6
8 4 0 0 0 0 0 0 0
7 3 0 0 0 0 0 0 0
6 9 0 0 0 0 0 0 0
5 8 0 0 0 0 0 0 0
4 7 0 0 0 0 0 0 0
3 6 0 0 0 0 0 0 0
2 5 0 0 0 0 0 0 0
----//has solution when not avoiding repetitions in a row
0 2 3 0 5 6 0 0 0
4 5 6 7 8 9 0 0 0
7 8 9 2 3 4 0 0 0
0 0 0 0 0 0 0 0 0
0 0 0 0 0 0 0 0 0
0 0 0 0 0 0 0 0 0
0 0 0 0 0 0 0 0 0
0 0 0 0 0 0 0 0 0
0 0 0 0 0 0 0 0 0
----//has solution when not avoiding repetitions in a column
0 2 3 0 0 0 0 0 0
4 5 6 0 0 0 0 0 0
7 8 9 0 0 0 0 0 0
0 9 2 0 0 0 0 0 0
3 4 5 0 0 0 0 0 0
6 7 8 0 0 0 0 0 0
0 0 0 0 0 0 0 0 0
0 0 0 0 0 0 0 0 0
0 0 0 0 0 0 0 0 0
----
5 3 0 0 7 0 0 0 0
6 0 0 1 9 5 0 0 0
0 9 8 0 0 0 0 6 0
8 0 0 0 6 0 0 0 3
4 0 0 8 0 3 0 0 1
7 0 0 0 2 0 0 0 6
0 6 0 0 0 0 2 8 0
0 0 0 4 1 9 0 0 5
0 0 0 0 8 0 0 7 9
----
0 1 0 0 0 0 0 0 9
0 0 0 3 0 0 8 0 0
0 0 0 0 0 0 6 0 0
0 0 0 0 1 2 4 0 0
7 0 3 0 0 0 0 0 0
5 0 0 0 0 0 0 0 0
8 0 0 6 0 0 0 0 0
0 0 0 0 4 0 0 2 0
0 0 0 7 0 0 0 5 0
----// only 17 given numbers, but unique solution (any sudoku with 16 givens cannot have unique solution)
0 0 0 8 0 1 0 0 0
0 0 0 0 0 0 0 4 3
5 0 0 0 0 0 0 0 0
0 0 0 0 7 0 8 0 0
0 0 0 0 0 0 1 0 0
0 2 0 0 3 0 0 0 0
6 0 0 0 0 0 0 7 5
0 0 3 4 0 0 0 0 0
0 0 0 2 0 0 6 0 0
----
