----//one worker can do all three tasks
2 3 1
1 0
1 0
1 0
----//k=1 but no worker can do all tasks
2 3 1
1 0
0 1
1 0
----//check that when any set is solution, the chosen one has size k
5 3 3
1 1 1 1 1
1 1 1 1 1
1 1 1 1 1
----//solvable
5 5 2
1 1 1 1 0
0 1 1 1 0
1 1 0 1 0
1 1 1 0 0
1 0 0 0 1
----//solvable
5 5 2
1 0 1 1 0
0 1 1 1 0
1 1 0 1 0
1 1 1 0 0
1 0 0 0 1
----//large example: unsat
15 15 7
0 0 0 0 0 0 0 0 0 0 0 0 0 0 1
0 1 1 1 1 0 0 0 0 0 0 0 0 0 0
0 0 0 0 0 0 0 0 0 0 0 0 1 0 0
0 0 0 0 0 1 1 1 0 0 0 0 0 0 0
0 0 0 0 0 0 0 0 0 0 1 0 0 0 0
0 0 0 0 0 0 0 0 0 1 0 0 0 0 0
0 0 0 0 0 0 0 0 1 0 0 0 0 0 0
0 0 1 0 1 0 1 0 0 0 1 0 0 1 0
1 0 0 0 0 1 0 0 0 0 0 0 0 1 0
0 1 0 0 0 0 1 0 0 0 0 0 1 0 0
0 1 0 0 0 1 0 1 0 0 0 0 0 0 0
1 0 0 0 0 1 0 0 0 0 0 0 0 0 0
0 1 0 1 1 0 1 0 1 0 0 0 0 0 0
1 0 0 0 0 0 0 0 0 0 0 0 0 0 0
1 1 0 0 1 0 0 1 0 0 0 0 0 0 0
----//large example: sat
15 15 7
1 0 0 0 0 0 0 0 0 0 0 0 0 0 0
0 1 1 1 1 0 0 0 0 0 0 0 0 0 0
0 0 0 0 0 0 0 0 0 0 0 0 1 0 0
0 0 1 1 0 1 1 1 0 0 0 1 0 0 0
0 0 0 0 0 0 0 0 0 0 1 0 0 0 0
0 0 0 0 0 0 0 0 0 1 0 0 0 0 0
0 0 0 0 0 0 0 0 1 0 0 0 0 0 0
0 0 1 0 1 0 1 0 0 0 1 0 0 1 0
0 0 0 0 0 1 0 0 0 0 0 0 0 0 0
0 1 0 0 0 0 1 0 0 1 0 0 1 0 0
0 1 0 0 0 1 0 1 0 1 0 0 0 0 0
1 0 0 0 0 1 0 0 0 1 0 1 0 0 0
0 1 0 1 1 0 1 0 1 0 0 0 0 0 0
1 0 1 1 0 0 0 0 0 1 0 0 0 0 1
1 1 0 0 1 0 0 1 0 0 0 1 0 0 0
