----//row 1:nCourses,nRooms,nTeachrs,nSubjs.1 row x teachr: nForbid. hrs, hrs. 3 rows x subj: row1: course,hrs,nRooms,nTechrs. row2:rooms. row3:teachers
1 1 1 1
0
0 1 1 1
0
0
----
1 1 1 2
0
0 1 1 1
0
0
0 1 1 1
0
0
----//unsat: teacher unavailable
1 1 1 1
60 0 1 2 3 4 5 6 7 8 9 10 11 12 13 14 15 16 17 18 19 20 21 22 23 24 25 26 27 28 29 30 31 32 33 34 35 36 37 38 39 40 41 42 43 44 45 46 47 48 49 50 51 52 53 54 55 56 57 58 59
0 1 1 1
0
0
----//unsat: 6 sessions for a subject
1 1 1 1
0
0 6 1 1
0
0
----//sat: 5 sessions for a subject
1 1 1 1
0
0 5 1 1
0
0
----//unsat: cant fit 7 hours of the same course in a day
1 1 1 7
0
0 5 1 1
0
0
0 5 1 1
0
0
0 5 1 1
0
0
0 5 1 1
0
0
0 5 1 1
0
0
0 5 1 1
0 
0
0 5 1 1
0
0
----//sat: fit 6 consecutive hours each day
1 1 1 6
0
0 5 1 1
0
0
0 5 1 1
0
0
0 5 1 1
0
0
0 5 1 1
0
0
0 5 1 1
0
0
0 5 1 1
0 
0
----//2 classes, 2 teachers in the same hour, unsat because same course
1 2 2 2
59 0 1 2 3 4 5 6 7 8 9 10 11 12 13 14 15 16 17 18 19 20 21 22 23 24 25 26 27 28 29 30 31 32 33 34 35 36 37 38 39 40 41 42 43 44 45 46 47 48 49 50 51 52 53 54 55 56 57 58
59 0 1 2 3 4 5 6 7 8 9 10 11 12 13 14 15 16 17 18 19 20 21 22 23 24 25 26 27 28 29 30 31 32 33 34 35 36 37 38 39 40 41 42 43 44 45 46 47 48 49 50 51 52 53 54 55 56 57 58
0 1 2 2
0 1
0 1
0 1 2 2
0 1
0 1
----//2 classes, 2 teachers in the same hour, sat
2 2 2 2
59 0 1 2 3 4 5 6 7 8 9 10 11 12 13 14 15 16 17 18 19 20 21 22 23 24 25 26 27 28 29 30 31 32 33 34 35 36 37 38 39 40 41 42 43 44 45 46 47 48 49 50 51 52 53 54 55 56 57 58
59 0 1 2 3 4 5 6 7 8 9 10 11 12 13 14 15 16 17 18 19 20 21 22 23 24 25 26 27 28 29 30 31 32 33 34 35 36 37 38 39 40 41 42 43 44 45 46 47 48 49 50 51 52 53 54 55 56 57 58
0 1 2 2
0 1
0 1
1 1 2 2
0 1
0 1
----//2 classes, 1 teacher, 1 hour, unsat
2 2 1 2
59 0 1 2 3 4 5 6 7 8 9 10 11 12 13 14 15 16 17 18 19 20 21 22 23 24 25 26 27 28 29 30 31 32 33 34 35 36 37 38 39 40 41 42 43 44 45 46 47 48 49 50 51 52 53 54 55 56 57 58
0 1 2 1
0 1
0
1 1 2 1
0 1
0
----//1 class 1 teachers, 2 hours, sat
2 1 1 2
58 1 2 3 4 5 6 7 8 9 10 11 12 13 14 15 16 17 18 19 20 21 22 23 24 25 26 27 28 29 30 31 32 33 34 35 36 37 38 39 40 41 42 43 44 45 46 47 48 49 50 51 52 53 54 55 56 57 58
0 1 1 1
0
0
1 1 1 1
0
0
----//1 class, 2 teachers, 1 hour, unsat
2 1 2 2
59 0 1 2 3 4 5 6 7 8 9 10 11 12 13 14 15 16 17 18 19 20 21 22 23 24 25 26 27 28 29 30 31 32 33 34 35 36 37 38 39 40 41 42 43 44 45 46 47 48 49 50 51 52 53 54 55 56 57 58
59 0 1 2 3 4 5 6 7 8 9 10 11 12 13 14 15 16 17 18 19 20 21 22 23 24 25 26 27 28 29 30 31 32 33 34 35 36 37 38 39 40 41 42 43 44 45 46 47 48 49 50 51 52 53 54 55 56 57 58
0 1 1 2
0
0 1
1 1 1 2
0
0 1
----//subject with only class other than 0
----//row 1:nCourses,nRooms,nTeachrs,nSubjs.1 row x teachr: nForbid. hrs, hrs. 3 rows x subj: row1: course,hrs,nRooms,nTechrs. row2:rooms. row3:teachers
1 2 2 1
0
0
0 1 1 1
1
1
----//super complex
// 4 3 5 23
// 13 5  8  9  14 21 22 24 26 30 31 41 55 56
// 22 5  7  8  9  12 15 19 20 25 26 27 29 31 33 37 38 42 46 50 55 58 60
// 13 10 14 20 23 26 32 37 39 40 43 44 53 55
// 23 2  7  14 16 19 23 24 31 32 34 40 42 45 47 48 49 50 51 53 54 56 58 59
// 19 7  10 11 12 15 20 22 25 27 34 37 39 41 42 46 49 51 52 60
// 0 4 3 5
// 0 1 2
// 0 1 2 3 4
// 0 2 1 2
// 1
// 2 3
// 0 2 2 3
// 0 2
// 0 2 3
// 0 2 2 5
// 0 2
// 0 1 2 3 4
// 0 3 1 2
// 1
// 0 2
// 1 4 1 1
// 2
// 1
// 1 2 2 1
// 0 2
// 3
// 1 3 3 4
// 0 1 2
// 1 2 3 4
// 1 3 2 5
// 0 2
// 0 1 2 3 4
// 1 4 1 4
// 1
// 0 1 2 4
// 2 2 3 2
// 0 1 2
// 0 3
// 2 3 2 4
// 1 2
// 0 1 2 3
// 2 4 1 2
// 1
// 1 4
// 2 3 1 4
// 0
// 0 1 2 3
// 2 2 3 4
// 0 1 2
// 0 1 3 4
// 2 4 1 2
// 1
// 0 2
// 3 4 3 1
// 0 1 2
// 1
// 3 2 2 1
// 0 2
// 1
// 3 2 2 2
// 0 2
// 0 2
// 3 4 3 4
// 0 1 2
// 1 2 3 4
// 3 3 3 2
// 0 1 2
// 0 2
// 3 4 1 4
// 2
// 0 2 3 4
// 3 4 2 1
// 1 2
// 1
// ----